0: 8 11
1: 20 90 | 30 134
2: 122 20 | 135 30
3: 20 90 | 30 5
4: 20 55 | 30 5
5: 30 30 | 30 20
6: 20 55 | 30 123
7: 20 53 | 30 123
8: 42
9: 96 30 | 43 20
10: 30 89 | 20 134
11: 42 31
12: 30 48 | 20 3
13: 43 20 | 43 30
14: 124 20 | 73 30
15: 5 30 | 51 20
16: 30 68 | 20 39
17: 30 84 | 20 35
18: 65 20 | 43 30
19: 40 20 | 62 30
20: "b"
21: 20 76 | 30 80
22: 30 30
23: 87 30 | 55 20
24: 131 30 | 7 20
25: 30 43 | 20 51
26: 30 58 | 20 6
27: 30 64 | 20 24
28: 20 30 | 30 30
29: 83 30 | 47 20
30: "a"
31: 2 20 | 82 30
32: 95 123
33: 5 20 | 87 30
34: 20 37 | 30 116
35: 20 36 | 30 61
36: 30 22 | 20 87
37: 89 20 | 43 30
38: 96 20 | 90 30
39: 89 20
40: 4 30 | 107 20
41: 20 51 | 30 22
42: 57 30 | 101 20
43: 20 20
44: 89 30 | 28 20
45: 22 30 | 53 20
46: 134 20 | 87 30
47: 96 20 | 66 30
48: 30 134 | 20 43
49: 30 38 | 20 75
50: 65 20 | 134 30
51: 30 20 | 20 95
52: 4 20 | 38 30
53: 30 30 | 20 20
54: 105 20 | 18 30
55: 30 95 | 20 30
56: 5 20 | 96 30
57: 117 30 | 108 20
58: 30 22 | 20 43
59: 20 28 | 30 87
60: 79 30 | 120 20
61: 20 53 | 30 90
62: 92 30 | 10 20
63: 20 123 | 30 55
64: 20 118 | 30 25
65: 20 30 | 20 20
66: 95 95
67: 30 131 | 20 126
68: 5 20 | 89 30
69: 20 94 | 30 115
70: 87 30 | 96 20
71: 96 30 | 51 20
72: 20 90 | 30 123
73: 65 20 | 55 30
74: 30 6 | 20 46
75: 96 30 | 55 20
76: 1 20 | 23 30
77: 30 112 | 20 13
78: 45 30 | 37 20
79: 116 20 | 71 30
80: 20 50 | 30 44
81: 106 30 | 85 20
82: 30 104 | 20 132
83: 30 66 | 20 22
84: 129 30 | 33 20
85: 77 20 | 67 30
86: 30 5 | 20 53
87: 30 20
88: 109 20 | 36 30
89: 20 30 | 30 20
90: 20 30
91: 30 27 | 20 113
92: 28 20 | 43 30
93: 87 20 | 87 30
94: 121 20 | 15 30
95: 20 | 30
96: 30 95 | 20 20
97: 20 26 | 30 78
98: 89 30 | 65 20
99: 20 12 | 30 125
100: 20 7 | 30 61
101: 30 81 | 20 91
102: 30 111 | 20 103
103: 127 30 | 23 20
104: 69 30 | 99 20
105: 20 87
106: 16 30 | 54 20
107: 96 20 | 123 30
108: 21 20 | 119 30
109: 95 134
110: 20 59 | 30 32
111: 20 23 | 30 72
112: 30 90 | 20 123
113: 52 30 | 34 20
114: 20 63 | 30 41
115: 20 70 | 30 93
116: 90 20 | 87 30
117: 133 30 | 102 20
118: 20 134 | 30 66
119: 30 49 | 20 74
120: 56 30 | 9 20
121: 43 20 | 123 30
122: 97 30 | 60 20
123: 30 30 | 20 95
124: 96 30 | 22 20
125: 20 98 | 30 86
126: 20 53 | 30 55
127: 30 53 | 20 123
128: 30 114 | 20 14
129: 89 20 | 96 30
130: 30 29 | 20 88
131: 20 55 | 30 134
132: 30 17 | 20 19
133: 20 100 | 30 110
134: 20 20 | 30 20
135: 128 30 | 130 20